<?xml version="1.0" encoding="utf-8"?>
<?xml-stylesheet type="text/css" href="../../customcolors.css"?>
<!DOCTYPE svg PUBLIC "-//W3C//DTD SVG 1.1//EN" "http://www.w3.org/Graphics/SVG/1.1/DTD/svg11.dtd">
<svg xmlns="http://www.w3.org/2000/svg" xmlns:xlink="http://www.w3.org/1999/xlink" contentScriptType="text/ecmascript" zoomAndPan="magnify" contentStyleType="text/css" id="SR_US_100572652" enable-background="new 0 0 640 480" version="1.1" width="960" xml:space="preserve" preserveAspectRatio="xMidYMid meet" viewBox="0 0 960 720" height="720" x="0px" y="0px">
  <mr:routes xmlns:mr="http://www.navteq.com/SaR3/1.0" sourceLinkPVId="100572652">
    <mr:route destinationLinkPVId="761641500">
      <mr:lane sourceLanePVId="20958169" destinationLanePVId="20958171">
        <mr:SVGObject refId="A3"/>
      </mr:lane>
      <mr:lane sourceLanePVId="20958170" destinationLanePVId="20958172">
        <mr:SVGObject refId="A3"/>
      </mr:lane>
    </mr:route>
    <mr:route conditionId="716939551" destinationLinkPVId="910423235">
      <mr:lane sourceLanePVId="20958170" destinationLanePVId="24742597">
        <mr:SVGObject refId="A1"/>
        <mr:SVGObject refId="A2"/>
      </mr:lane>
    </mr:route>
  </mr:routes>
  
  <g id="Signs" transform="translate(124.272954,32.391065) scale(1.528562,1.528562)">
    <g id="SIGN_R1">
      <g type="Panel" id="A1">
        <g type="Background" id="A4">
          <path class="background_fill_8" d="M484.297,115.595c0,2.48-1.787,4.508-3.971,4.508H323.778c-2.184,0-4.031-2.028-4.031-4.508l-0.01-91.163c0-2.48,1.785-4.508,3.969-4.508l160.591-0.234V115.595z"/>
        </g>
        <g type="Text" id="A13">
          <text x="352.7002" font-size="16.5" y="111.8579" class="text_fill_22 text_font-family_2 text_font-weight_2">Memphis</text>
        </g>
        <g type="Arrow" id="A12">
          <polygon class="arrow_fill_22" points="460.123,96.534 462.885,99.295 474.439,87.741 478.824,92.125 477.688,78.971 464.527,77.831 468.916,82.219 457.361,93.774    "/>
        </g>
        <g type="Text" id="A14">
          <text x="331.1523" font-size="16.5" y="94.1909" class="text_fill_22 text_font-family_2 text_font-weight_2">L.R. River Port</text>
        </g>
        <g type="Text" id="A15">
          <text x="322.9102" font-size="16.5" y="75.7383" class="text_fill_22 text_font-family_2 text_font-weight_2">L.R. Natl. Airport</text>
        </g>
        <g type="Shield" id="A7">
          <g>
            <polygon clip-rule="evenodd" stroke-width="0.5" stroke-miterlimit="10" fill-rule="evenodd" class="shield_fill_22 shield_stroke_5" points="382.969,57.963 382.969,57.963 383.148,57.911 383.566,57.805 384.102,57.647 384.697,57.487 385.354,57.222 386.129,56.957 386.963,56.639 387.797,56.269 388.691,55.845 389.645,55.367 390.6,54.837 391.553,54.255 392.447,53.619 393.4,52.877 394.295,52.135 395.547,50.863 395.547,50.863 396.023,50.333 396.977,49.168 397.811,47.896 398.527,46.572 399.182,45.141 399.721,43.657 400.137,42.068 400.375,40.479 400.553,38.836 400.494,37.193 400.314,35.497 399.959,33.802 399.48,32.106 398.707,30.411 397.811,28.715 395.965,26.279 395.965,26.279 395.605,26.384 394.771,26.595 393.996,26.808 393.162,26.967 392.387,27.073 391.553,27.179 390.777,27.232 390.002,27.232 389.168,27.232 388.393,27.179 387.559,27.125 386.725,27.02 385.949,26.862 385.115,26.702 384.281,26.542 382.969,26.172 382.969,26.172 382.553,26.332 381.717,26.542 380.883,26.702 380.049,26.862 379.213,27.02 378.379,27.125 377.604,27.179 376.77,27.232 375.996,27.232 375.16,27.232 374.385,27.179 373.609,27.073 372.775,26.967 372,26.808 371.227,26.595 369.975,26.279 369.975,26.279 369.318,27.073 368.186,28.715 367.232,30.411 366.518,32.106 365.98,33.802 365.623,35.497 365.443,37.193 365.443,38.836 365.563,40.479 365.861,42.068 366.277,43.657 366.756,45.141 367.41,46.572 368.186,47.896 369.02,49.168 370.391,50.863 370.391,50.863 370.809,51.341 371.643,52.135 372.598,52.877 373.49,53.619 374.445,54.255 375.398,54.837 376.352,55.367 377.246,55.845 378.141,56.269 379.035,56.639 379.869,56.957 380.584,57.222 381.301,57.487 381.896,57.647 382.373,57.805 382.969,57.963      "/>
            <polygon clip-rule="evenodd" class="shield_fill_1" fill-rule="evenodd" points="382.998,56.663 382.998,56.663 383.117,56.663 383.355,56.611 383.713,56.509 384.189,56.354 384.727,56.201 385.324,55.995 385.979,55.738 386.693,55.48 387.469,55.122 388.303,54.761 389.078,54.35 389.912,53.887 390.807,53.374 391.641,52.809 392.416,52.192 393.609,51.164 393.609,51.164 394.025,50.804 394.801,50.034 395.516,49.159 396.23,48.235 396.887,47.257 397.424,46.282 397.961,45.203 398.438,44.124 398.855,42.993 399.152,41.862 399.391,40.628 399.57,39.446 399.57,38.162 399.57,36.928 399.391,35.643 398.914,33.69 382.998,33.69 367.082,33.69 367.082,33.69 366.902,34.358 366.605,35.643 366.486,36.928 366.428,38.162 366.486,39.446 366.605,40.628 366.844,41.862 367.201,42.993 367.561,44.124 368.035,45.203 368.572,46.282 369.17,47.257 369.824,48.235 370.48,49.159 371.256,50.034 372.387,51.164 372.387,51.164 372.805,51.523 373.58,52.192 374.414,52.809 375.248,53.374 376.084,53.887 376.918,54.35 377.752,54.761 378.527,55.122 379.303,55.48 380.018,55.738 380.674,55.995 381.33,56.201 381.865,56.354 382.283,56.509 382.641,56.611 382.998,56.663      "/>
            <polygon clip-rule="evenodd" class="shield_fill_18" fill-rule="evenodd" points="382.998,33.124 398.557,33.124 398.557,33.124 398.496,33.021 398.438,32.714 398.318,32.405 398.139,32.046 397.961,31.686 397.781,31.325 397.602,30.915 397.365,30.503 397.186,30.092 396.947,29.682 396.709,29.322 396.471,28.911 396.23,28.551 395.934,28.191 395.756,27.883 395.396,27.472 395.396,27.472 395.039,27.575 394.383,27.729 393.668,27.883 392.953,27.986 392.236,28.087 391.402,28.139 390.629,28.191 389.793,28.243 389.02,28.243 388.184,28.191 387.352,28.139 386.516,28.037 385.74,27.934 384.906,27.832 384.131,27.677 382.998,27.42 382.998,27.42 382.641,27.523 381.865,27.677 381.09,27.832 380.316,27.934 379.482,28.037 378.707,28.139 377.873,28.191 377.039,28.243 376.201,28.243 375.369,28.191 374.594,28.139 373.818,28.087 373.043,27.986 372.328,27.883 371.613,27.729 370.66,27.472 370.66,27.472 370.541,27.575 370.301,27.883 370.063,28.191 369.824,28.551 369.586,28.911 369.348,29.322 369.109,29.682 368.871,30.092 368.633,30.503 368.455,30.915 368.215,31.325 368.035,31.686 367.857,32.046 367.738,32.405 367.619,32.714 367.439,33.124 382.998,33.124      "/>
            <text font-size="4.8041" class="text_fill_22 text_font-family_2 text_font-weight_2" transform="matrix(0.7875 0 0 1 371.123 32.1943)">INTERSTATE</text>
          </g>
          <text font-size="21.1663" class="text_fill_22 text_font-family_2 text_font-weight_2" transform="matrix(0.75 0 0 1 369.7588 50.043)">440</text>
        </g>
        <g type="Text" id="A16">
          <text x="409.6895" font-size="13.5" y="34.9219" class="text_fill_22 text_font-family_2 text_font-weight_2">East</text>
        </g>
      </g>
      <g type="ExitNumber" id="A2">
        <g type="Background" id="A5">
          <path class="background_fill_8" d="M481.393,2.361h-55.324c-1.598,0-2.902,1.507-2.902,3.348V18.19h61.131V5.708C484.297,3.868,482.99,2.361,481.393,2.361z"/>
        </g>
        <g type="Text" id="A17">
          <text x="427.7813" font-size="13.5" y="14.9229" class="text_fill_22 text_font-family_2 text_font-weight_2">EXIT 1A</text>
        </g>
      </g>
    </g>
    <g id="SIGN_L1">
      <g type="Panel" id="A3">
        <g type="Background" id="A6">
          <path class="background_fill_8" d="M309.737,116.048c0,2.23-1.825,4.055-4.055,4.055H159.758c-2.23,0-4.055-1.825-4.055-4.055V23.745c0-2.23,1.825-4.055,4.055-4.055h145.924c2.23,0,4.055,1.825,4.055,4.055V116.048z"/>
        </g>
        <g type="Text" id="A18">
          <text x="190.875" font-size="16.5" y="112.0249" class="text_fill_22 text_font-family_2 text_font-weight_2">Little Rock</text>
        </g>
        <g type="Text" id="A19">
          <text x="191.3457" font-size="16.5" y="93.8579" class="text_fill_22 text_font-family_2 text_font-weight_2">Downtown</text>
        </g>
        <g type="Shield" id="A8">
          <g>
            <polygon clip-rule="evenodd" stroke-width="0.5" stroke-miterlimit="10" fill-rule="evenodd" class="shield_fill_22 shield_stroke_5" points="179.287,74.831 179.287,74.831 179.467,74.778 179.883,74.673 180.42,74.513 181.018,74.354 181.674,74.088 182.449,73.822 183.283,73.505 184.121,73.133 185.016,72.708 185.973,72.231 186.928,71.7 187.881,71.118 188.777,70.48 189.732,69.738 190.627,68.994 191.881,67.721 191.881,67.721 192.357,67.19 193.314,66.023 194.148,64.75 194.865,63.424 195.521,61.991 196.061,60.505 196.477,58.913 196.717,57.321 196.895,55.677 196.834,54.032 196.656,52.333 196.299,50.636 195.82,48.938 195.045,47.239 194.148,45.542 192.299,43.102 192.299,43.102 191.941,43.208 191.104,43.42 190.328,43.633 189.494,43.792 188.717,43.897 187.881,44.003 187.107,44.056 186.328,44.056 185.494,44.056 184.717,44.003 183.881,43.951 183.047,43.845 182.271,43.685 181.436,43.526 180.6,43.366 179.287,42.996 179.287,42.996 178.869,43.154 178.033,43.366 177.195,43.526 176.361,43.685 175.525,43.845 174.689,43.951 173.912,44.003 173.08,44.056 172.303,44.056 171.467,44.056 170.689,44.003 169.914,43.897 169.078,43.792 168.303,43.633 167.527,43.42 166.273,43.102 166.273,43.102 165.615,43.897 164.48,45.542 163.525,47.239 162.813,48.938 162.275,50.636 161.916,52.333 161.736,54.032 161.736,55.677 161.855,57.321 162.154,58.913 162.57,60.505 163.049,61.991 163.705,63.424 164.48,64.75 165.318,66.023 166.691,67.721 166.691,67.721 167.109,68.198 167.943,68.994 168.898,69.738 169.795,70.48 170.75,71.118 171.705,71.7 172.66,72.231 173.557,72.708 174.451,73.133 175.348,73.505 176.182,73.822 176.898,74.088 177.613,74.354 178.211,74.513 178.688,74.673 179.287,74.831      "/>
            <polygon clip-rule="evenodd" class="shield_fill_1" fill-rule="evenodd" points="179.287,73.611 179.287,73.611 179.406,73.611 179.645,73.559 180.002,73.454 180.48,73.299 181.018,73.144 181.613,72.938 182.271,72.679 182.986,72.42 183.762,72.058 184.6,71.695 185.373,71.282 186.211,70.815 187.107,70.299 187.941,69.729 188.717,69.107 189.91,68.072 189.91,68.072 190.328,67.71 191.104,66.934 191.822,66.055 192.537,65.123 193.193,64.139 193.73,63.156 194.27,62.069 194.746,60.983 195.164,59.843 195.463,58.705 195.701,57.465 195.881,56.273 195.881,54.979 195.881,53.737 195.701,52.443 195.225,50.478 179.287,50.478 163.348,50.478 163.348,50.478 163.168,51.149 162.869,52.443 162.752,53.737 162.691,54.979 162.752,56.273 162.869,57.465 163.109,58.705 163.469,59.843 163.826,60.983 164.303,62.069 164.84,63.156 165.439,64.139 166.094,65.123 166.75,66.055 167.527,66.934 168.662,68.072 168.662,68.072 169.078,68.435 169.854,69.107 170.689,69.729 171.523,70.299 172.361,70.815 173.197,71.282 174.033,71.695 174.809,72.058 175.586,72.42 176.301,72.679 176.959,72.938 177.613,73.144 178.15,73.299 178.57,73.454 178.928,73.559 179.287,73.611      "/>
            <polygon clip-rule="evenodd" class="shield_fill_18" fill-rule="evenodd" points="179.287,49.908 194.865,49.908 194.865,49.908 194.807,49.804 194.746,49.494 194.627,49.183 194.449,48.821 194.27,48.459 194.088,48.097 193.91,47.683 193.67,47.269 193.494,46.855 193.254,46.441 193.016,46.078 192.775,45.665 192.537,45.301 192.24,44.939 192.061,44.63 191.703,44.215 191.703,44.215 191.344,44.318 190.688,44.475 189.971,44.63 189.254,44.733 188.537,44.836 187.703,44.888 186.928,44.939 186.09,44.992 185.316,44.992 184.479,44.939 183.645,44.888 182.807,44.784 182.033,44.682 181.195,44.578 180.42,44.422 179.287,44.163 179.287,44.163 178.928,44.267 178.15,44.422 177.375,44.578 176.6,44.682 175.764,44.784 174.988,44.888 174.152,44.939 173.316,44.992 172.48,44.992 171.646,44.939 170.869,44.888 170.094,44.836 169.318,44.733 168.6,44.63 167.885,44.475 166.93,44.215 166.93,44.215 166.811,44.318 166.572,44.63 166.332,44.939 166.094,45.301 165.855,45.665 165.615,46.078 165.377,46.441 165.137,46.855 164.9,47.269 164.721,47.683 164.48,48.097 164.303,48.459 164.123,48.821 164.004,49.183 163.887,49.494 163.705,49.908 179.287,49.908      "/>
            <text font-size="4.8107" class="text_fill_22 text_font-family_2 text_font-weight_2" transform="matrix(0.7875 0 0 1 167.583 49.0278)">INTERSTATE</text>
          </g>
          <text font-size="22.3731" class="text_fill_22 text_font-family_2 text_font-weight_2" transform="matrix(0.8 0 0 1 169.353 68.3091)">30</text>
        </g>
        <g type="Shield" id="A9">
          <polygon clip-rule="evenodd" stroke-width="0.5" stroke-miterlimit="10" fill-rule="evenodd" class="shield_fill_22 shield_stroke_5" points="244.455,46.382 250.27,41.601 250.27,41.601 250.529,41.859 251.043,42.439 251.628,42.957 252.21,43.41 252.788,43.732 253.37,43.991 254.017,44.25 254.663,44.314 255.246,44.377 255.891,44.314 256.473,44.184 257.054,43.925 257.637,43.603 258.217,43.216 258.736,42.698 259.443,41.795 259.443,41.795 259.703,42.117 260.283,42.698 260.801,43.151 261.383,43.54 261.965,43.925 262.545,44.121 263.128,44.25 263.772,44.377 264.354,44.314 265,44.25 265.582,44.056 266.164,43.797 266.744,43.474 267.325,43.022 267.844,42.506 268.684,41.601 273.98,46.639 273.98,46.639 273.785,46.899 273.399,47.48 273.078,48.062 272.816,48.579 272.625,49.03 272.495,49.482 272.364,49.936 272.364,50.387 272.301,50.838 272.364,51.228 272.43,51.615 272.563,52.067 272.753,52.454 272.882,52.907 273.14,53.36 273.53,54.006 273.53,54.006 273.655,54.264 273.98,54.909 274.238,55.492 274.434,56.137 274.625,56.783 274.756,57.494 274.885,58.14 274.951,58.85 274.951,59.561 274.951,60.208 274.951,60.918 274.885,61.628 274.756,62.339 274.625,63.051 274.498,63.697 274.176,64.729 274.176,64.729 274.045,65.053 273.785,65.699 273.53,66.281 273.205,66.861 272.816,67.443 272.43,68.024 272.043,68.542 271.654,68.995 271.203,69.446 270.686,69.834 270.233,70.222 269.652,70.479 269.135,70.738 268.553,70.996 267.973,71.126 267.069,71.255 267.069,71.255 266.744,71.255 266.229,71.255 265.711,71.126 265.195,70.996 264.809,70.803 264.354,70.61 263.967,70.415 263.515,70.286 263.128,70.157 262.738,70.027 262.352,70.027 261.9,70.157 261.383,70.352 260.93,70.673 260.349,71.189 259.443,72.16 259.443,72.16 259.186,71.836 258.604,71.189 258.023,70.803 257.569,70.479 257.054,70.286 256.602,70.157 256.15,70.157 255.699,70.222 255.246,70.352 254.794,70.544 254.34,70.673 253.888,70.868 253.436,71.062 252.919,71.189 252.401,71.255 251.628,71.255 251.628,71.255 251.368,71.255 250.851,71.126 250.333,70.996 249.817,70.803 249.366,70.544 248.849,70.222 248.396,69.897 247.944,69.511 247.492,69.124 247.104,68.671 246.716,68.153 246.327,67.637 245.94,67.121 245.618,66.54 245.296,65.958 244.842,65.053 244.842,65.053 244.713,64.729 244.522,64.084 244.261,63.438 244.134,62.792 244.003,62.081 243.874,61.371 243.81,60.66 243.81,60.014 243.81,59.238 243.81,58.592 243.939,57.816 244.068,57.105 244.197,56.396 244.455,55.749 244.713,55.038 245.167,54.006 245.167,54.006 245.296,53.747 245.552,53.294 245.813,52.778 246.005,52.325 246.198,51.938 246.327,51.484 246.394,51.033 246.458,50.646 246.458,50.193 246.458,49.741 246.327,49.289 246.198,48.838 245.94,48.321 245.618,47.802 245.23,47.286 244.455,46.382     "/>
          <text font-size="21.375" class="text_fill_5 text_font-family_2 text_font-weight_2" transform="matrix(0.765 0 0 1 245.0728 66.0107)">167</text>
        </g>
        <g type="Shield" id="A10">
          <polygon clip-rule="evenodd" stroke-width="0.5" stroke-miterlimit="10" fill-rule="evenodd" class="shield_fill_22 shield_stroke_5" points="208.382,46.404 214.214,41.608 214.214,41.608 214.476,41.867 214.991,42.449 215.576,42.968 216.16,43.422 216.742,43.746 217.324,44.005 217.974,44.266 218.62,44.33 219.207,44.394 219.852,44.33 220.436,44.199 221.021,43.94 221.605,43.616 222.187,43.228 222.707,42.709 223.419,41.802 223.419,41.802 223.68,42.126 224.261,42.709 224.781,43.164 225.362,43.553 225.945,43.94 226.529,44.136 227.115,44.266 227.762,44.394 228.346,44.33 228.992,44.266 229.576,44.071 230.16,43.812 230.743,43.486 231.327,43.034 231.845,42.516 232.687,41.608 238.002,46.662 238.002,46.662 237.805,46.923 237.421,47.506 237.098,48.089 236.835,48.608 236.643,49.061 236.512,49.515 236.38,49.969 236.38,50.422 236.316,50.875 236.38,51.265 236.445,51.654 236.577,52.108 236.77,52.496 236.9,52.95 237.158,53.405 237.552,54.053 237.552,54.053 237.676,54.312 238.002,54.959 238.26,55.544 238.457,56.19 238.648,56.839 238.78,57.552 238.911,58.2 238.975,58.913 238.975,59.626 238.975,60.274 238.975,60.987 238.911,61.7 238.78,62.413 238.648,63.127 238.522,63.775 238.196,64.812 238.196,64.812 238.067,65.136 237.805,65.784 237.552,66.368 237.224,66.95 236.835,67.533 236.445,68.117 236.059,68.636 235.668,69.09 235.218,69.543 234.695,69.933 234.242,70.321 233.659,70.58 233.141,70.84 232.558,71.098 231.974,71.229 231.066,71.358 231.066,71.358 230.743,71.358 230.223,71.358 229.705,71.229 229.188,71.098 228.801,70.904 228.346,70.711 227.957,70.515 227.502,70.386 227.115,70.256 226.724,70.126 226.335,70.126 225.883,70.256 225.362,70.451 224.91,70.774 224.324,71.292 223.419,72.265 223.419,72.265 223.16,71.941 222.575,71.292 221.993,70.904 221.538,70.58 221.021,70.386 220.566,70.256 220.114,70.256 219.66,70.321 219.207,70.451 218.753,70.645 218.298,70.774 217.845,70.97 217.389,71.164 216.873,71.292 216.352,71.358 215.576,71.358 215.576,71.358 215.315,71.358 214.798,71.229 214.278,71.098 213.761,70.904 213.307,70.645 212.789,70.321 212.334,69.996 211.88,69.608 211.429,69.22 211.039,68.766 210.65,68.246 210.259,67.728 209.871,67.21 209.548,66.627 209.225,66.044 208.77,65.136 208.77,65.136 208.64,64.812 208.447,64.164 208.186,63.516 208.057,62.867 207.927,62.154 207.796,61.442 207.733,60.729 207.733,60.08 207.733,59.302 207.733,58.654 207.862,57.876 207.992,57.162 208.123,56.451 208.382,55.802 208.64,55.088 209.094,54.053 209.094,54.053 209.225,53.793 209.482,53.339 209.744,52.821 209.936,52.367 210.13,51.978 210.259,51.523 210.326,51.071 210.392,50.682 210.392,50.228 210.392,49.774 210.259,49.321 210.13,48.868 209.871,48.35 209.548,47.829 209.16,47.312 208.382,46.404     "/>
          <text font-size="23.3892" class="text_fill_5 text_font-family_2 text_font-weight_2" transform="matrix(0.9 0 0 1 211.6689 65.5166)">65</text>
        </g>
        <g type="Icon" id="A11">
          <rect x="280.797" width="23.852" y="24.94" height="23.851" stroke-width="0.5" class="icon_fill_22 icon_stroke_5"/>
          <g>
            <path d="M287.719,37.209v4.712h-1.426V31.415h1.426v3.98h2.662v-3.98h1.426v10.507h-1.426v-4.712H287.719z"/>
            <path d="M297.56,34.854c-0.114-0.629-0.333-1.814-1.511-1.814c-0.686,0-1.693,0.702-1.693,3.673c0,1.888,0.485,3.585,1.693,3.585c0.789,0,1.34-0.688,1.511-1.975h1.427c-0.285,2.283-1.256,3.877-2.967,3.877c-1.815,0-3.117-1.888-3.117-5.517c0-3.673,1.378-5.546,3.137-5.546c2.043,0,2.871,2.166,2.947,3.717H297.56z"/>
          </g>
          <circle r="9.949" stroke-width="1.5" cx="292.722" class="icon_fill_27 icon_stroke_18" cy="36.865"/>
          <line y2="43.9" stroke-width="1.5" x1="285.688" x2="299.757" class="icon_fill_27 icon_stroke_18" y1="29.831"/>
        </g>
        <g type="Text" id="A20">
          <text x="222.4082" font-size="13.5" y="35.9219" class="text_fill_22 text_font-family_2 text_font-weight_2">North</text>
        </g>
        <g type="Text" id="A21">
          <text x="164.4756" font-size="13.5" y="35.9219" class="text_fill_22 text_font-family_2 text_font-weight_2">East</text>
        </g>
      </g>
    </g>
  </g>
</svg>